Extrinsic:
R:
0.48775 -0.872763 -0.019611
-0.0483464 -0.00457523 -0.99882
0.871644 0.488123 -0.0444265
t: -0.0185514 0.0688649 -0.0303459

Intrinsic:
491.555 0 306.777
0 491.285 236.629
0 0 1
************* json format *************
Extrinsic:
[0.48775,-0.872763,-0.019611,-0.0185514],[-0.0483464,-0.00457523,-0.99882,0.0688649],[0.871644,0.488123,-0.0444265,-0.0303459],[0,0,0,1]

Intrinsic:
[491.555,0,306.777],[0,491.285,236.629],[0,0,1]

Distortion:
[-0.0446341,0.180419,0.000891465,-0.00147538,-0.155086]