Extrinsic:
R:
0.998332 -0.0440726 -0.0373049
-0.0345651 0.0613706 -0.997516
0.0462526 0.997142 0.0597448
t: -0.0256169 0.0229135 -0.0879064

Intrinsic:
478.837 0 321.968
0 478.908 233.622
0 0 1
************* json format *************
Extrinsic:
[0.998332,-0.0440726,-0.0373049,-0.0256169],[-0.0345651,0.0613706,-0.997516,0.0229135],[0.0462526,0.997142,0.0597448,-0.0879064],[0,0,0,1]

Intrinsic:
[478.837,0,321.968],[0,478.908,233.622],[0,0,1]

Distortion:
[-0.0652623,0.273206,0.0010352,0.00411971,-0.273864]