Extrinsic:
R:
-0.999508 -0.0311525 -0.00368919
0.00107343 0.0835688 -0.996501
0.0313518 -0.996015 -0.0834942
t: -0.0997821 0.180676 -0.0784604

Intrinsic:
486.296 0 332.114
0 487.392 259.78
0 0 1
************* json format *************
Extrinsic:
[-0.999508,-0.0311525,-0.00368919,-0.0997821],[0.00107343,0.0835688,-0.996501,0.180676],[0.0313518,-0.996015,-0.0834942,-0.0784604],[0,0,0,1]

Intrinsic:
[486.296,0,332.114],[0,487.392,259.78],[0,0,1]

Distortion:
[-0.058388,0.220043,0.00185978,4.31539e-05,-0.184726]